Seq 15
1209 2074 2076 2109 2138 2
1225 2159 2030 2139 2045 1
1222 2144 2059 2057 2085 1
1206 2024 2140 2128 2041 4
1224 2030 2155 2133 2017 2
1214 2035 2099 2160 2063 4
1226 2036 2099 2029 2120 2
1230 2036 2032 2089 2118 3
1207 2014 2103 2145 2022 4
1212 2045 2058 2124 2114 2
1217 2030 2063 2117 2112 3
1210 2004 2047 2093 2119 2
1221 2017 2051 2108 2139 4
1218 2121 2051 2012 2144 1
1201 2063 2001 2101 2107 2
1223 2074 2147 2048 2159 2
1216 2064 2073 2121 2094 2
1203 2011 2152 2098 2014 4
1231 2065 2049 2108 2154 3
1232 2064 2115 2141 2079 2
1219 2039 2126 2137 2070 2
1205 2038 2074 2153 2143 1
1208 2075 2091 2150 2026 4
1215 2064 2142 2105 2069 4
1204 2020 2053 2102 2100 1
1213 2003 2134 2031 2086 3
1228 2009 2061 2123 2095 4
1229 2018 2081 2111 2004 2
1227 2037 2046 2117 2101 4
1202 2065 2092 2089 2008 4
1220 2075 2134 2025 2157 2
1211 2018 2052 2122 2113 2

Seq 16
1205 2038 2025 2100 2094 1
1206 2064 2129 2109 2041 4
1225 2024 2134 2159 2016 3
1227 2053 2105 2059 2085 2
1226 2032 2158 2096 2080 3
1217 2021 2157 2066 2120 4
1212 2080 2060 2143 2137 2
1210 2075 2081 2050 2127 3
1208 2005 2026 2122 2113 2
1207 2045 2022 2091 2096 2
1221 2018 2137 2015 2141 2
1230 2035 2089 2004 2087 2
1222 2062 2141 2004 2116 2
1231 2067 2117 2108 2072 3
1201 2002 2073 2148 2108 1
1223 2061 2045 2088 2149 4
1216 2074 2040 2114 2083 1
1232 2112 2027 2060 2144 1
1218 2125 2006 2008 2101 1
1224 2153 2059 2046 2156 1
1215 2022 2152 2089 2068 4
1213 2035 2028 2106 2082 1
1204 2028 2020 2146 2105 2
1229 2001 2085 2031 2104 2
1203 2016 2090 2012 2132 3
1219 2052 2027 2112 2130 4
1209 2023 2131 2102 2077 4
1220 2021 2060 2134 2142 3
1211 2055 2055 2151 2145 1
1214 2050 2115 2130 2064 4
1202 2009 2025 2135 2147 1
1228 2015 2138 2094 2040 3